001510,20 11 2024 00:37:49,1
001510,20 11 2024 02:22:03,0
001417,20 11 2024 03:15:53,0
001417,20 11 2024 03:21:20,1
001473,20 11 2024 03:56:31,0
000177,20 11 2024 04:00:37,0
001558,20 11 2024 04:45:06,0
001511,20 11 2024 04:45:16,0
001589,20 11 2024 04:45:44,0
001391,20 11 2024 04:46:18,0
001594,20 11 2024 05:36:58,0
001499,20 11 2024 05:46:58,0
001228,20 11 2024 06:08:20,0
008125,20 11 2024 06:09:02,0
008124,20 11 2024 06:46:56,0
000690,20 11 2024 07:00:20,0
000805,20 11 2024 07:03:59,0
001573,20 11 2024 07:05:17,0
001440,20 11 2024 07:11:15,1
001542,20 11 2024 07:17:56,1
001593,20 11 2024 07:38:21,0
001251,20 11 2024 07:39:58,0
001425,20 11 2024 07:42:28,0
000960,20 11 2024 07:43:31,0
008134,20 11 2024 07:47:49,0
001533,20 11 2024 07:48:07,0
001129,20 11 2024 07:49:24,0
000934,20 11 2024 07:49:44,0
001419,20 11 2024 07:56:24,0
008140,20 11 2024 07:56:30,0
001478,20 11 2024 07:58:33,0
000171,20 11 2024 08:00:11,0
000882,20 11 2024 08:01:04,0
001437,20 11 2024 08:03:07,0
001473,20 11 2024 08:06:19,1
001586,20 11 2024 08:06:33,0
000053,20 11 2024 08:16:02,0
001545,20 11 2024 08:19:57,0
000006,20 11 2024 08:21:16,0
000730,20 11 2024 08:21:52,0
010012,20 11 2024 08:22:50,0
000491,20 11 2024 08:22:59,0
000246,20 11 2024 08:23:47,0
001562,20 11 2024 08:24:57,0
001235,20 11 2024 08:26:14,0
001467,20 11 2024 08:27:56,0
001574,20 11 2024 08:28:22,0
001262,20 11 2024 08:28:39,0
001571,20 11 2024 08:29:58,0
001227,20 11 2024 08:31:46,0
001259,20 11 2024 08:33:18,0
000666,20 11 2024 08:33:40,1
000972,20 11 2024 08:36:08,1
001494,20 11 2024 08:37:05,0
000547,20 11 2024 08:37:57,0
001086,20 11 2024 08:40:34,0
000329,20 11 2024 08:42:30,0
001556,20 11 2024 08:44:24,0
001439,20 11 2024 08:45:34,0
001528,20 11 2024 08:46:41,0
001505,20 11 2024 08:46:53,0
001515,20 11 2024 08:50:55,0
001599,20 11 2024 08:51:18,0
000711,20 11 2024 08:51:24,0
001362,20 11 2024 08:51:45,0
001366,20 11 2024 08:52:36,0
001479,20 11 2024 08:55:18,0
001124,20 11 2024 08:56:31,0
001175,20 11 2024 08:57:27,0
001023,20 11 2024 08:57:32,0
001598,20 11 2024 08:59:28,0
000622,20 11 2024 09:00:42,0
008110,20 11 2024 09:02:05,0
000085,20 11 2024 09:02:44,0
001159,20 11 2024 09:05:27,0
001428,20 11 2024 09:06:40,0
001480,20 11 2024 09:07:23,0
001524,20 11 2024 09:09:11,0
001491,20 11 2024 09:11:50,0
008114,20 11 2024 09:14:07,0
001563,20 11 2024 09:14:19,0
001376,20 11 2024 09:17:30,0
000037,20 11 2024 09:17:39,0
001430,20 11 2024 09:17:48,0
001517,20 11 2024 09:18:06,0
001553,20 11 2024 09:18:13,0
001570,20 11 2024 09:20:31,0
001539,20 11 2024 09:20:43,0
001551,20 11 2024 09:21:21,0
000181,20 11 2024 09:22:07,0
001073,20 11 2024 09:26:59,0
001466,20 11 2024 09:31:44,0
008113,20 11 2024 09:34:56,0
001590,20 11 2024 09:35:36,0
001422,20 11 2024 09:39:13,0
001446,20 11 2024 09:42:47,0
001219,20 11 2024 09:44:24,0
001520,20 11 2024 09:52:02,0
001592,20 11 2024 09:54:13,0
000717,20 11 2024 09:54:24,0
001588,20 11 2024 10:05:36,0
008102,20 11 2024 10:07:25,0
001484,20 11 2024 10:18:28,0
001130,20 11 2024 10:22:08,0
001519,20 11 2024 10:22:13,0
001554,20 11 2024 10:31:19,0
001072,20 11 2024 10:40:54,0
001125,20 11 2024 10:41:30,0
000094,20 11 2024 10:46:35,0
008118,20 11 2024 10:49:42,0
000033,20 11 2024 10:55:17,0
001591,20 11 2024 10:55:42,0
001331,20 11 2024 11:00:59,0
001332,20 11 2024 11:01:03,0
001531,20 11 2024 11:21:17,0
001532,20 11 2024 11:24:34,0
001267,20 11 2024 11:47:30,0
001582,20 11 2024 12:07:56,0
001027,20 11 2024 12:19:24,0
000880,20 11 2024 12:24:27,0
008125,20 11 2024 12:49:41,1
000177,20 11 2024 12:53:20,1
001289,20 11 2024 13:04:52,0
001558,20 11 2024 13:17:59,2
001363,20 11 2024 13:27:35,0
001395,20 11 2024 13:29:19,0
001124,20 11 2024 13:30:47,1
000690,20 11 2024 13:38:28,1
