       1	2016-10-01 07:00:28	1	0	1	0
       1	2016-10-01 17:00:59	1	0	1	0
       1	2016-10-02 07:02:12	1	0	1	0
       1	2016-10-02 17:02:38	1	0	1	0
       2	2016-10-01 07:03:34	1	0	1	0
       2	2016-10-01 17:06:47	1	0	1	0
       2	2016-10-02 07:23:59	1	0	1	0
       2	2016-10-02 16:24:19	1	0	1	0
       3	2016-10-01 07:25:16	1	0	1	0
       3	2016-10-01 18:36:12	1	0	1	0
       3	2016-10-02 08:34:55	1	0	1	0
       3	2016-10-02 17:52:27	1	0	1	0
       4	2016-10-01 08:56:03	1	0	1	0
       4	2016-10-01 18:33:07	1	0	1	0
       4	2016-10-02 07:39:11	1	0	1	0
       4	2016-10-02 18:48:16	1	0	1	0
       5	2016-10-01 11:55:47	1	0	1	0
       5	2016-10-01 19:56:39	1	0	1	0
       5	2016-10-02 08:12:57	1	0	1	0
       5	2016-10-02 13:17:38	1	0	1	0
       6	2016-10-01 06:30:16	1	0	1	0
       6	2016-10-01 17:32:25	1	0	1	0
       6	2016-10-02 07:45:20	1	0	1	0
       6	2016-10-02 18:07:50	1	0	1	0
       7	2016-10-01 07:26:11	1	0	1	0
       7	2016-10-01 13:28:34	1	0	1	0
       7	2016-10-02 07:29:49	1	0	1	0
       7	2016-10-02 17:30:55	1	0	1	0
       8	2016-10-01 07:41:19	1	0	1	0
       8	2016-10-01 14:02:26	1	0	1	0
       8	2016-10-02 07:02:43	1	0	1	0
       8	2016-10-02 18:01:31	1	0	1	0
       9	2016-10-01 07:34:28	1	0	1	0
       9	2016-10-01 15:02:47	1	0	1	0
       9	2016-10-02 06:28:28	1	0	1	0
       9	2016-10-02 16:29:10	1	0	1	0
       10	2016-10-01 07:30:44	1	0	1	0
       10	2016-10-01 16:53:01	1	0	1	0
       10	2016-10-02 06:53:42	1	0	1	0
       10	2016-10-02 17:52:47	1	0	1	0
       11	2016-10-01 07:57:40	1	0	1	0
       11	2016-10-01 17:58:01	1	0	1	0
       11	2016-10-02 07:59:11	1	0	1	0
       11	2016-10-02 17:59:13	1	0	1	0
       12	2016-10-01 06:59:57	1	0	1	0
       12	2016-10-01 17:00:57	1	0	1	0
       12	2016-10-02 07:01:06	1	0	1	0
       12	2016-10-02 17:01:33	1	0	1	0
       13	2016-10-01 07:02:56	1	0	1	0
       13	2016-10-01 17:03:41	1	0	1	0
       13	2016-10-02 07:05:50	1	0	1	0
       13	2016-10-02 17:42:36	1	0	1	0
       14	2016-10-01 08:29:08	1	0	1	0
       14	2016-10-01 17:01:47	1	0	1	0
       14	2016-10-02 07:54:11	1	0	1	0
       14	2016-10-02 17:57:13	1	0	1	0
       15	2016-10-01 06:03:21	1	0	1	0
       15	2016-10-01 17:03:31	1	0	1	0
       15	2016-10-02 06:45:24	1	0	1	0
       15	2016-10-02 17:52:20	1	0	1	0
       16	2016-10-01 06:54:42	1	0	1	0
       16	2016-10-01 17:58:03	1	0	1	0
       16	2016-10-02 07:00:24	1	0	1	0
       16	2016-10-02 17:00:36	1	0	1	0
       17	2016-10-01 07:02:57	1	0	1	0
       17	2016-10-01 17:04:33	1	0	1	0
       17	2016-10-02 07:05:00	1	0	1	0
       17	2016-10-02 17:08:55	1	0	1	0
       18	2016-10-01 07:29:33	1	0	1	0
       18	2016-10-01 17:31:16	1	0	1	0
       18	2016-10-02 07:39:51	1	0	1	0
       18	2016-10-02 17:58:02	1	0	1	0
       19	2016-10-01 07:04:39	1	0	1	0
       19	2016-10-01 17:58:48	1	0	1	0
       19	2016-10-02 07:04:35	1	0	1	0
       19	2016-10-02 17:04:49	1	0	1	0
       20	2016-10-01 07:11:20	1	0	1	0
       20	2016-10-01 17:13:06	1	0	1	0
       20	2016-10-02 07:15:22	1	0	1	0
       20	2016-10-02 17:30:38	1	0	1	0
       1	2016-10-03 07:00:28	1	0	1	0
       1	2016-10-03 17:00:59	1	0	1	0
       1	2016-10-04 07:02:12	1	0	1	0
       1	2016-10-04 17:02:38	1	0	1	0
       2	2016-10-03 07:03:34	1	0	1	0
       2	2016-10-03 17:06:47	1	0	1	0
       2	2016-10-04 07:23:59	1	0	1	0
       2	2016-10-04 16:24:19	1	0	1	0
       3	2016-10-03 07:25:16	1	0	1	0
       3	2016-10-03 18:36:12	1	0	1	0
       3	2016-10-04 08:34:55	1	0	1	0
       3	2016-10-04 17:52:27	1	0	1	0
       4	2016-10-03 08:56:03	1	0	1	0
       4	2016-10-03 18:33:07	1	0	1	0
       4	2016-10-04 07:39:11	1	0	1	0
       4	2016-10-04 18:48:16	1	0	1	0
       5	2016-10-03 11:55:47	1	0	1	0
       5	2016-10-03 19:56:39	1	0	1	0
       5	2016-10-04 08:12:57	1	0	1	0
       5	2016-10-04 13:17:38	1	0	1	0
       6	2016-10-03 06:30:16	1	0	1	0
       6	2016-10-03 17:32:25	1	0	1	0
       6	2016-10-04 07:45:20	1	0	1	0
       6	2016-10-04 18:07:50	1	0	1	0
       7	2016-10-03 07:26:11	1	0	1	0
       7	2016-10-03 13:28:34	1	0	1	0
       7	2016-10-04 07:29:49	1	0	1	0
       7	2016-10-04 17:30:55	1	0	1	0
       8	2016-10-03 07:41:19	1	0	1	0
       8	2016-10-03 14:02:26	1	0	1	0
       8	2016-10-04 07:02:43	1	0	1	0
       8	2016-10-04 18:01:31	1	0	1	0
       9	2016-10-03 07:34:28	1	0	1	0
       9	2016-10-03 15:02:47	1	0	1	0
       9	2016-10-04 06:28:28	1	0	1	0
       9	2016-10-04 16:29:10	1	0	1	0
       10	2016-10-03 07:30:44	1	0	1	0
       10	2016-10-03 16:53:01	1	0	1	0
       10	2016-10-04 06:53:42	1	0	1	0
       10	2016-10-04 17:52:47	1	0	1	0
       11	2016-10-03 07:57:40	1	0	1	0
       11	2016-10-03 17:58:01	1	0	1	0
       11	2016-10-04 07:59:11	1	0	1	0
       11	2016-10-04 17:59:13	1	0	1	0
       12	2016-10-03 06:59:57	1	0	1	0
       12	2016-10-03 17:00:57	1	0	1	0
       12	2016-10-04 07:01:06	1	0	1	0
       12	2016-10-04 17:01:33	1	0	1	0
       13	2016-10-03 07:02:56	1	0	1	0
       13	2016-10-03 17:03:41	1	0	1	0
       13	2016-10-04 07:05:50	1	0	1	0
       13	2016-10-04 17:42:36	1	0	1	0
       14	2016-10-04 07:54:11	1	0	1	0
       14	2016-10-04 17:57:13	1	0	1	0
       15	2016-10-03 06:03:21	1	0	1	0
       15	2016-10-03 17:03:31	1	0	1	0
       15	2016-10-04 06:45:24	1	0	1	0
       15	2016-10-04 17:52:20	1	0	1	0
       16	2016-10-03 06:54:42	1	0	1	0
       16	2016-10-03 17:58:03	1	0	1	0
       16	2016-10-04 07:00:24	1	0	1	0
       16	2016-10-04 17:00:36	1	0	1	0
       17	2016-10-03 07:02:57	1	0	1	0
       17	2016-10-03 17:04:33	1	0	1	0
       17	2016-10-04 07:05:00	1	0	1	0
       17	2016-10-04 17:08:55	1	0	1	0
       18	2016-10-03 07:29:33	1	0	1	0
       18	2016-10-03 17:31:16	1	0	1	0
       18	2016-10-04 07:39:51	1	0	1	0
       18	2016-10-04 17:58:02	1	0	1	0
       19	2016-10-03 07:04:39	1	0	1	0
       19	2016-10-03 17:58:48	1	0	1	0
       19	2016-10-04 07:04:35	1	0	1	0
       19	2016-10-04 17:04:49	1	0	1	0
       20	2016-10-03 07:11:20	1	0	1	0
       20	2016-10-03 17:13:06	1	0	1	0
       20	2016-10-04 07:15:22	1	0	1	0
       20	2016-10-04 17:30:38	1	0	1	0
       1	2016-10-05 07:00:28	1	0	1	0
       1	2016-10-05 17:00:59	1	0	1	0
       1	2016-10-06 07:02:12	1	0	1	0
       1	2016-10-06 17:02:38	1	0	1	0
       2	2016-10-05 07:03:34	1	0	1	0
       2	2016-10-05 17:06:47	1	0	1	0
       2	2016-10-06 07:23:59	1	0	1	0
       2	2016-10-06 16:24:19	1	0	1	0
       3	2016-10-05 07:25:16	1	0	1	0
       3	2016-10-05 18:36:12	1	0	1	0
       3	2016-10-06 08:34:55	1	0	1	0
       3	2016-10-06 17:52:27	1	0	1	0
       4	2016-10-05 08:56:03	1	0	1	0
       4	2016-10-05 18:33:07	1	0	1	0
       4	2016-10-06 07:39:11	1	0	1	0
       4	2016-10-06 18:48:16	1	0	1	0
       5	2016-10-05 11:55:47	1	0	1	0
       5	2016-10-05 19:56:39	1	0	1	0
       5	2016-10-06 08:12:57	1	0	1	0
       5	2016-10-06 13:17:38	1	0	1	0
       6	2016-10-05 06:30:16	1	0	1	0
       6	2016-10-05 17:32:25	1	0	1	0
       6	2016-10-06 07:45:20	1	0	1	0
       6	2016-10-06 18:07:50	1	0	1	0
       7	2016-10-05 07:26:11	1	0	1	0
       7	2016-10-05 13:28:34	1	0	1	0
       7	2016-10-06 07:29:49	1	0	1	0
       7	2016-10-06 17:30:55	1	0	1	0
       8	2016-10-05 07:41:19	1	0	1	0
       8	2016-10-05 14:02:26	1	0	1	0
       8	2016-10-06 07:02:43	1	0	1	0
       8	2016-10-06 18:01:31	1	0	1	0
       9	2016-10-05 07:34:28	1	0	1	0
       9	2016-10-05 15:02:47	1	0	1	0
       9	2016-10-06 06:28:28	1	0	1	0
       9	2016-10-06 16:29:10	1	0	1	0
       10	2016-10-05 07:30:44	1	0	1	0
       10	2016-10-05 16:53:01	1	0	1	0
       10	2016-10-06 06:53:42	1	0	1	0
       10	2016-10-06 17:52:47	1	0	1	0
       11	2016-10-05 07:57:40	1	0	1	0
       11	2016-10-05 17:58:01	1	0	1	0
       11	2016-10-06 07:59:11	1	0	1	0
       11	2016-10-06 17:59:13	1	0	1	0
       12	2016-10-05 06:59:57	1	0	1	0
       12	2016-10-05 17:00:57	1	0	1	0
       12	2016-10-06 07:01:06	1	0	1	0
       12	2016-10-06 17:01:33	1	0	1	0
       13	2016-10-05 07:02:56	1	0	1	0
       13	2016-10-05 17:03:41	1	0	1	0
       13	2016-10-06 07:05:50	1	0	1	0
       13	2016-10-06 17:42:36	1	0	1	0
       14	2016-10-05 08:29:08	1	0	1	0
       14	2016-10-05 17:01:47	1	0	1	0
       14	2016-10-06 07:54:11	1	0	1	0
       14	2016-10-06 17:57:13	1	0	1	0
       15	2016-10-05 06:03:21	1	0	1	0
       15	2016-10-05 17:03:31	1	0	1	0
       15	2016-10-06 06:45:24	1	0	1	0
       15	2016-10-06 17:52:20	1	0	1	0
       16	2016-10-05 06:54:42	1	0	1	0
       16	2016-10-05 17:58:03	1	0	1	0
       16	2016-10-06 07:00:24	1	0	1	0
       16	2016-10-06 17:00:36	1	0	1	0
       17	2016-10-05 07:02:57	1	0	1	0
       17	2016-10-05 17:04:33	1	0	1	0
       17	2016-10-06 07:05:00	1	0	1	0
       17	2016-10-06 17:08:55	1	0	1	0
       18	2016-10-05 07:29:33	1	0	1	0
       18	2016-10-05 17:31:16	1	0	1	0
       18	2016-10-06 07:39:51	1	0	1	0
       18	2016-10-06 17:58:02	1	0	1	0
       19	2016-10-05 07:04:39	1	0	1	0
       19	2016-10-05 17:58:48	1	0	1	0
       19	2016-10-06 07:04:35	1	0	1	0
       19	2016-10-06 17:04:49	1	0	1	0
       20	2016-10-05 07:11:20	1	0	1	0
       20	2016-10-05 17:13:06	1	0	1	0
       20	2016-10-06 07:15:22	1	0	1	0
       20	2016-10-06 17:30:38	1	0	1	0
       1	2016-10-07 07:00:28	1	0	1	0
       1	2016-10-07 17:00:59	1	0	1	0
       1	2016-10-08 07:02:12	1	0	1	0
       1	2016-10-08 17:02:38	1	0	1	0
       2	2016-10-07 07:03:34	1	0	1	0
       2	2016-10-07 17:06:47	1	0	1	0
       2	2016-10-08 07:23:59	1	0	1	0
       2	2016-10-08 16:24:19	1	0	1	0
       3	2016-10-07 07:25:16	1	0	1	0
       3	2016-10-07 18:36:12	1	0	1	0
       3	2016-10-08 08:34:55	1	0	1	0
       3	2016-10-08 17:52:27	1	0	1	0
       4	2016-10-07 08:56:03	1	0	1	0
       4	2016-10-07 18:33:07	1	0	1	0
       4	2016-10-08 07:39:11	1	0	1	0
       4	2016-10-08 18:48:16	1	0	1	0
       5	2016-10-07 11:55:47	1	0	1	0
       5	2016-10-07 19:56:39	1	0	1	0
       5	2016-10-08 08:12:57	1	0	1	0
       5	2016-10-08 13:17:38	1	0	1	0
       6	2016-10-07 06:30:16	1	0	1	0
       6	2016-10-07 17:32:25	1	0	1	0
       6	2016-10-08 07:45:20	1	0	1	0
       6	2016-10-08 18:07:50	1	0	1	0
       7	2016-10-07 07:26:11	1	0	1	0
       7	2016-10-07 13:28:34	1	0	1	0
       7	2016-10-08 07:29:49	1	0	1	0
       7	2016-10-08 17:30:55	1	0	1	0
       8	2016-10-07 07:41:19	1	0	1	0
       8	2016-10-07 14:02:26	1	0	1	0
       8	2016-10-08 07:02:43	1	0	1	0
       8	2016-10-08 18:01:31	1	0	1	0
       9	2016-10-07 07:34:28	1	0	1	0
       9	2016-10-07 15:02:47	1	0	1	0
       9	2016-10-08 06:28:28	1	0	1	0
       9	2016-10-08 16:29:10	1	0	1	0
       10	2016-10-07 07:30:44	1	0	1	0
       10	2016-10-07 16:53:01	1	0	1	0
       10	2016-10-08 06:53:42	1	0	1	0
       10	2016-10-08 17:52:47	1	0	1	0
       11	2016-10-07 07:57:40	1	0	1	0
       11	2016-10-07 17:58:01	1	0	1	0
       11	2016-10-08 07:59:11	1	0	1	0
       11	2016-10-08 17:59:13	1	0	1	0
       12	2016-10-07 06:59:57	1	0	1	0
       12	2016-10-07 17:00:57	1	0	1	0
       12	2016-10-08 07:01:06	1	0	1	0
       12	2016-10-08 17:01:33	1	0	1	0
       13	2016-10-07 07:02:56	1	0	1	0
       13	2016-10-07 17:03:41	1	0	1	0
       13	2016-10-08 07:05:50	1	0	1	0
       13	2016-10-08 17:42:36	1	0	1	0
       14	2016-10-07 08:29:08	1	0	1	0
       14	2016-10-07 17:01:47	1	0	1	0
       14	2016-10-08 07:54:11	1	0	1	0
       14	2016-10-08 17:57:13	1	0	1	0
       15	2016-10-07 06:03:21	1	0	1	0
       15	2016-10-07 17:03:31	1	0	1	0
       15	2016-10-08 06:45:24	1	0	1	0
       15	2016-10-08 17:52:20	1	0	1	0
       16	2016-10-07 06:54:42	1	0	1	0
       16	2016-10-07 17:58:03	1	0	1	0
       16	2016-10-08 07:00:24	1	0	1	0
       16	2016-10-08 17:00:36	1	0	1	0
       17	2016-10-07 07:02:57	1	0	1	0
       17	2016-10-07 17:04:33	1	0	1	0
       17	2016-10-08 07:05:00	1	0	1	0
       17	2016-10-08 17:08:55	1	0	1	0
       18	2016-10-07 07:29:33	1	0	1	0
       18	2016-10-07 17:31:16	1	0	1	0
       18	2016-10-08 07:39:51	1	0	1	0
       18	2016-10-08 17:58:02	1	0	1	0
       19	2016-10-07 07:04:39	1	0	1	0
       19	2016-10-07 17:58:48	1	0	1	0
       19	2016-10-08 07:04:35	1	0	1	0
       19	2016-10-08 17:04:49	1	0	1	0
       20	2016-10-07 07:11:20	1	0	1	0
       20	2016-10-07 17:13:06	1	0	1	0
       20	2016-10-08 07:15:22	1	0	1	0
       20	2016-10-08 17:30:38	1	0	1	0
       1	2016-10-09 07:00:28	1	0	1	0
       1	2016-10-09 17:00:59	1	0	1	0
       1	2016-10-10 07:02:12	1	0	1	0
       1	2016-10-10 17:02:38	1	0	1	0
       2	2016-10-09 07:03:34	1	0	1	0
       2	2016-10-09 17:06:47	1	0	1	0
       2	2016-10-10 07:23:59	1	0	1	0
       2	2016-10-10 16:24:19	1	0	1	0
       3	2016-10-09 07:25:16	1	0	1	0
       3	2016-10-09 18:36:12	1	0	1	0
       3	2016-10-10 08:34:55	1	0	1	0
       3	2016-10-10 17:52:27	1	0	1	0
       4	2016-10-09 08:56:03	1	0	1	0
       4	2016-10-09 18:33:07	1	0	1	0
       4	2016-10-10 07:39:11	1	0	1	0
       4	2016-10-10 18:48:16	1	0	1	0
       5	2016-10-09 11:55:47	1	0	1	0
       5	2016-10-09 19:56:39	1	0	1	0
       5	2016-10-10 08:12:57	1	0	1	0
       5	2016-10-10 13:17:38	1	0	1	0
       6	2016-10-09 06:30:16	1	0	1	0
       6	2016-10-09 17:32:25	1	0	1	0
       6	2016-10-10 07:45:20	1	0	1	0
       6	2016-10-10 18:07:50	1	0	1	0
       7	2016-10-09 07:26:11	1	0	1	0
       7	2016-10-09 13:28:34	1	0	1	0
       7	2016-10-10 07:29:49	1	0	1	0
       7	2016-10-10 17:30:55	1	0	1	0
       8	2016-10-09 07:41:19	1	0	1	0
       8	2016-10-09 14:02:26	1	0	1	0
       8	2016-10-10 07:02:43	1	0	1	0
       8	2016-10-10 18:01:31	1	0	1	0
       9	2016-10-09 07:34:28	1	0	1	0
       9	2016-10-09 15:02:47	1	0	1	0
       9	2016-10-10 06:28:28	1	0	1	0
       9	2016-10-10 16:29:10	1	0	1	0
       10	2016-10-09 07:30:44	1	0	1	0
       10	2016-10-09 16:53:01	1	0	1	0
       10	2016-10-10 06:53:42	1	0	1	0
       10	2016-10-10 17:52:47	1	0	1	0
       11	2016-10-09 07:57:40	1	0	1	0
       11	2016-10-09 17:58:01	1	0	1	0
       11	2016-10-10 07:59:11	1	0	1	0
       11	2016-10-10 17:59:13	1	0	1	0
       12	2016-10-09 06:59:57	1	0	1	0
       12	2016-10-09 17:00:57	1	0	1	0
       12	2016-10-10 07:01:06	1	0	1	0
       12	2016-10-10 17:01:33	1	0	1	0
       13	2016-10-09 07:02:56	1	0	1	0
       13	2016-10-09 17:03:41	1	0	1	0
       13	2016-10-10 07:05:50	1	0	1	0
       13	2016-10-10 17:42:36	1	0	1	0
       14	2016-10-09 08:29:08	1	0	1	0
       14	2016-10-09 17:01:47	1	0	1	0
       14	2016-10-10 07:54:11	1	0	1	0
       14	2016-10-10 17:57:13	1	0	1	0
       15	2016-10-09 06:03:21	1	0	1	0
       15	2016-10-09 17:03:31	1	0	1	0
       15	2016-10-10 06:45:24	1	0	1	0
       15	2016-10-10 17:52:20	1	0	1	0
       16	2016-10-09 06:54:42	1	0	1	0
       16	2016-10-09 17:58:03	1	0	1	0
       16	2016-10-10 07:00:24	1	0	1	0
       16	2016-10-10 17:00:36	1	0	1	0
       17	2016-10-09 07:02:57	1	0	1	0
       17	2016-10-09 17:04:33	1	0	1	0
       17	2016-10-10 07:05:00	1	0	1	0
       17	2016-10-10 17:08:55	1	0	1	0
       18	2016-10-09 07:29:33	1	0	1	0
       18	2016-10-09 17:31:16	1	0	1	0
       18	2016-10-10 07:39:51	1	0	1	0
       18	2016-10-10 17:58:02	1	0	1	0
       19	2016-10-09 07:04:39	1	0	1	0
       19	2016-10-09 17:58:48	1	0	1	0
       19	2016-10-10 07:04:35	1	0	1	0
       19	2016-10-10 17:04:49	1	0	1	0
       20	2016-10-09 07:11:20	1	0	1	0
       20	2016-10-09 17:13:06	1	0	1	0
       20	2016-10-10 07:15:22	1	0	1	0
       20	2016-10-10 17:30:38	1	0	1	0
       1	2016-10-11 07:00:28	1	0	1	0
       1	2016-10-11 17:00:59	1	0	1	0
       1	2016-10-12 07:02:12	1	0	1	0
       1	2016-10-12 17:02:38	1	0	1	0
       2	2016-10-11 07:03:34	1	0	1	0
       2	2016-10-11 17:06:47	1	0	1	0
       2	2016-10-12 07:23:59	1	0	1	0
       2	2016-10-12 16:24:19	1	0	1	0
       3	2016-10-11 07:25:16	1	0	1	0
       3	2016-10-11 18:36:12	1	0	1	0
       3	2016-10-12 08:34:55	1	0	1	0
       3	2016-10-12 17:52:27	1	0	1	0
       4	2016-10-11 08:56:03	1	0	1	0
       4	2016-10-11 18:33:07	1	0	1	0
       4	2016-10-12 07:39:11	1	0	1	0
       4	2016-10-12 18:48:16	1	0	1	0
       5	2016-10-11 11:55:47	1	0	1	0
       5	2016-10-11 19:56:39	1	0	1	0
       5	2016-10-12 08:12:57	1	0	1	0
       5	2016-10-12 13:17:38	1	0	1	0
       6	2016-10-11 06:30:16	1	0	1	0
       6	2016-10-11 17:32:25	1	0	1	0
       6	2016-10-12 07:45:20	1	0	1	0
       6	2016-10-12 18:07:50	1	0	1	0
       7	2016-10-11 07:26:11	1	0	1	0
       7	2016-10-11 13:28:34	1	0	1	0
       7	2016-10-12 07:29:49	1	0	1	0
       7	2016-10-12 17:30:55	1	0	1	0
       8	2016-10-11 07:41:19	1	0	1	0
       8	2016-10-11 14:02:26	1	0	1	0
       8	2016-10-12 07:02:43	1	0	1	0
       8	2016-10-12 18:01:31	1	0	1	0
       9	2016-10-11 07:34:28	1	0	1	0
       9	2016-10-11 15:02:47	1	0	1	0
       9	2016-10-12 06:28:28	1	0	1	0
       9	2016-10-12 16:29:10	1	0	1	0
       10	2016-10-11 07:30:44	1	0	1	0
       10	2016-10-11 16:53:01	1	0	1	0
       10	2016-10-12 06:53:42	1	0	1	0
       10	2016-10-12 17:52:47	1	0	1	0
       11	2016-10-11 07:57:40	1	0	1	0
       11	2016-10-11 17:58:01	1	0	1	0
       11	2016-10-12 07:59:11	1	0	1	0
       11	2016-10-12 17:59:13	1	0	1	0
       12	2016-10-11 06:59:57	1	0	1	0
       12	2016-10-11 17:00:57	1	0	1	0
       12	2016-10-12 07:01:06	1	0	1	0
       12	2016-10-12 17:01:33	1	0	1	0
       13	2016-10-11 07:02:56	1	0	1	0
       13	2016-10-11 17:03:41	1	0	1	0
       13	2016-10-12 07:05:50	1	0	1	0
       13	2016-10-12 17:42:36	1	0	1	0
       14	2016-10-11 08:29:08	1	0	1	0
       14	2016-10-11 17:01:47	1	0	1	0
       14	2016-10-12 07:54:11	1	0	1	0
       14	2016-10-12 17:57:13	1	0	1	0
       15	2016-10-11 06:03:21	1	0	1	0
       15	2016-10-11 17:03:31	1	0	1	0
       15	2016-10-12 06:45:24	1	0	1	0
       15	2016-10-12 17:52:20	1	0	1	0
       16	2016-10-11 06:54:42	1	0	1	0
       16	2016-10-11 17:58:03	1	0	1	0
       16	2016-10-12 07:00:24	1	0	1	0
       16	2016-10-12 17:00:36	1	0	1	0
       17	2016-10-11 07:02:57	1	0	1	0
       17	2016-10-11 17:04:33	1	0	1	0
       17	2016-10-12 07:05:00	1	0	1	0
       17	2016-10-12 17:08:55	1	0	1	0
       18	2016-10-11 07:29:33	1	0	1	0
       18	2016-10-11 17:31:16	1	0	1	0
       18	2016-10-12 07:39:51	1	0	1	0
       18	2016-10-12 17:58:02	1	0	1	0
       19	2016-10-11 07:04:39	1	0	1	0
       19	2016-10-11 17:58:48	1	0	1	0
       19	2016-10-12 07:04:35	1	0	1	0
       19	2016-10-12 17:04:49	1	0	1	0
       20	2016-10-11 07:11:20	1	0	1	0
       20	2016-10-11 17:13:06	1	0	1	0
       20	2016-10-12 07:15:22	1	0	1	0
       20	2016-10-12 17:30:38	1	0	1	0
       1	2016-10-13 07:00:28	1	0	1	0
       1	2016-10-13 17:00:59	1	0	1	0
       1	2016-10-14 07:02:12	1	0	1	0
       1	2016-10-14 17:02:38	1	0	1	0
       2	2016-10-13 07:03:34	1	0	1	0
       2	2016-10-13 17:06:47	1	0	1	0
       2	2016-10-14 07:23:59	1	0	1	0
       2	2016-10-14 16:24:19	1	0	1	0
       3	2016-10-13 07:25:16	1	0	1	0
       3	2016-10-13 18:36:12	1	0	1	0
       3	2016-10-14 08:34:55	1	0	1	0
       3	2016-10-14 17:52:27	1	0	1	0
       4	2016-10-13 08:56:03	1	0	1	0
       4	2016-10-13 18:33:07	1	0	1	0
       4	2016-10-14 07:39:11	1	0	1	0
       4	2016-10-14 18:48:16	1	0	1	0
       5	2016-10-13 11:55:47	1	0	1	0
       5	2016-10-13 19:56:39	1	0	1	0
       5	2016-10-14 08:12:57	1	0	1	0
       5	2016-10-14 13:17:38	1	0	1	0
       6	2016-10-13 06:30:16	1	0	1	0
       6	2016-10-13 17:32:25	1	0	1	0
       6	2016-10-14 07:45:20	1	0	1	0
       6	2016-10-14 18:07:50	1	0	1	0
       7	2016-10-13 07:26:11	1	0	1	0
       7	2016-10-13 13:28:34	1	0	1	0
       7	2016-10-14 07:29:49	1	0	1	0
       7	2016-10-14 17:30:55	1	0	1	0
       8	2016-10-13 07:41:19	1	0	1	0
       8	2016-10-13 14:02:26	1	0	1	0
       8	2016-10-14 07:02:43	1	0	1	0
       8	2016-10-14 18:01:31	1	0	1	0
       9	2016-10-13 07:34:28	1	0	1	0
       9	2016-10-13 15:02:47	1	0	1	0
       9	2016-10-14 06:28:28	1	0	1	0
       9	2016-10-14 16:29:10	1	0	1	0
       10	2016-10-13 07:30:44	1	0	1	0
       10	2016-10-13 16:53:01	1	0	1	0
       10	2016-10-14 06:53:42	1	0	1	0
       10	2016-10-14 17:52:47	1	0	1	0
       11	2016-10-13 07:57:40	1	0	1	0
       11	2016-10-13 17:58:01	1	0	1	0
       11	2016-10-14 07:59:11	1	0	1	0
       11	2016-10-14 17:59:13	1	0	1	0
       12	2016-10-13 06:59:57	1	0	1	0
       12	2016-10-13 17:00:57	1	0	1	0
       12	2016-10-14 07:01:06	1	0	1	0
       12	2016-10-14 17:01:33	1	0	1	0
       13	2016-10-13 07:02:56	1	0	1	0
       13	2016-10-13 17:03:41	1	0	1	0
       13	2016-10-14 07:05:50	1	0	1	0
       13	2016-10-14 17:42:36	1	0	1	0
       14	2016-10-13 08:29:08	1	0	1	0
       14	2016-10-13 17:01:47	1	0	1	0
       14	2016-10-14 07:54:11	1	0	1	0
       14	2016-10-14 17:57:13	1	0	1	0
       15	2016-10-13 06:03:21	1	0	1	0
       15	2016-10-13 17:03:31	1	0	1	0
       15	2016-10-14 06:45:24	1	0	1	0
       15	2016-10-14 17:52:20	1	0	1	0
       16	2016-10-13 06:54:42	1	0	1	0
       16	2016-10-13 17:58:03	1	0	1	0
       16	2016-10-14 07:00:24	1	0	1	0
       16	2016-10-14 17:00:36	1	0	1	0
       17	2016-10-13 07:02:57	1	0	1	0
       17	2016-10-13 17:04:33	1	0	1	0
       17	2016-10-14 07:05:00	1	0	1	0
       17	2016-10-14 17:08:55	1	0	1	0
       18	2016-10-13 07:29:33	1	0	1	0
       18	2016-10-13 17:31:16	1	0	1	0
       18	2016-10-14 07:39:51	1	0	1	0
       18	2016-10-14 17:58:02	1	0	1	0
       19	2016-10-13 07:04:39	1	0	1	0
       19	2016-10-13 17:58:48	1	0	1	0
       19	2016-10-14 07:04:35	1	0	1	0
       19	2016-10-14 17:04:49	1	0	1	0
       20	2016-10-13 07:11:20	1	0	1	0
       20	2016-10-13 17:13:06	1	0	1	0
       20	2016-10-14 07:15:22	1	0	1	0
       20	2016-10-14 17:30:38	1	0	1	0
       1	2016-10-15 07:00:28	1	0	1	0
       1	2016-10-15 17:00:59	1	0	1	0
       1	2016-10-16 07:02:12	1	0	1	0
       1	2016-10-16 17:02:38	1	0	1	0
       2	2016-10-15 07:03:34	1	0	1	0
       2	2016-10-15 17:06:47	1	0	1	0
       2	2016-10-16 07:23:59	1	0	1	0
       2	2016-10-16 16:24:19	1	0	1	0
       3	2016-10-15 07:25:16	1	0	1	0
       3	2016-10-15 18:36:12	1	0	1	0
       4	2016-10-15 08:56:03	1	0	1	0
       4	2016-10-15 18:33:07	1	0	1	0
       4	2016-10-16 07:39:11	1	0	1	0
       4	2016-10-16 18:48:16	1	0	1	0
       5	2016-10-15 11:55:47	1	0	1	0
       5	2016-10-15 19:56:39	1	0	1	0
       5	2016-10-16 08:12:57	1	0	1	0
       5	2016-10-16 13:17:38	1	0	1	0
       6	2016-10-15 06:30:16	1	0	1	0
       6	2016-10-15 17:32:25	1	0	1	0
       6	2016-10-16 07:45:20	1	0	1	0
       6	2016-10-16 18:07:50	1	0	1	0
       7	2016-10-15 07:26:11	1	0	1	0
       7	2016-10-15 13:28:34	1	0	1	0
       7	2016-10-16 07:29:49	1	0	1	0
       7	2016-10-16 17:30:55	1	0	1	0
       8	2016-10-15 07:41:19	1	0	1	0
       8	2016-10-15 14:02:26	1	0	1	0
       8	2016-10-16 07:02:43	1	0	1	0
       8	2016-10-16 18:01:31	1	0	1	0
       9	2016-10-15 07:34:28	1	0	1	0
       9	2016-10-15 15:02:47	1	0	1	0
       9	2016-10-16 06:28:28	1	0	1	0
       9	2016-10-16 16:29:10	1	0	1	0
       10	2016-10-15 07:30:44	1	0	1	0
       10	2016-10-15 16:53:01	1	0	1	0
       10	2016-10-16 06:53:42	1	0	1	0
       10	2016-10-16 17:52:47	1	0	1	0
       11	2016-10-15 07:57:40	1	0	1	0
       11	2016-10-15 17:58:01	1	0	1	0
       11	2016-10-16 07:59:11	1	0	1	0
       11	2016-10-16 17:59:13	1	0	1	0
       12	2016-10-15 06:59:57	1	0	1	0
       12	2016-10-15 17:00:57	1	0	1	0
       12	2016-10-16 07:01:06	1	0	1	0
       12	2016-10-16 17:01:33	1	0	1	0
       13	2016-10-15 07:02:56	1	0	1	0
       13	2016-10-15 17:03:41	1	0	1	0
       13	2016-10-16 07:05:50	1	0	1	0
       13	2016-10-16 17:42:36	1	0	1	0
       14	2016-10-15 08:29:08	1	0	1	0
       14	2016-10-15 17:01:47	1	0	1	0
       14	2016-10-16 07:54:11	1	0	1	0
       14	2016-10-16 17:57:13	1	0	1	0
       15	2016-10-15 06:03:21	1	0	1	0
       15	2016-10-15 17:03:31	1	0	1	0
       15	2016-10-16 06:45:24	1	0	1	0
       15	2016-10-16 17:52:20	1	0	1	0
       16	2016-10-15 06:54:42	1	0	1	0
       16	2016-10-15 17:58:03	1	0	1	0
       16	2016-10-16 07:00:24	1	0	1	0
       16	2016-10-16 17:00:36	1	0	1	0
       17	2016-10-15 07:02:57	1	0	1	0
       17	2016-10-15 17:04:33	1	0	1	0
       17	2016-10-16 07:05:00	1	0	1	0
       17	2016-10-16 17:08:55	1	0	1	0
       18	2016-10-15 07:29:33	1	0	1	0
       18	2016-10-15 17:31:16	1	0	1	0
       18	2016-10-16 07:39:51	1	0	1	0
       18	2016-10-16 17:58:02	1	0	1	0
       19	2016-10-15 07:04:39	1	0	1	0
       19	2016-10-15 17:58:48	1	0	1	0
       19	2016-10-16 07:04:35	1	0	1	0
       19	2016-10-16 17:04:49	1	0	1	0
       20	2016-10-15 07:11:20	1	0	1	0
       20	2016-10-15 17:13:06	1	0	1	0
       20	2016-10-16 07:15:22	1	0	1	0
       20	2016-10-16 17:30:38	1	0	1	0
       1	2016-10-17 07:00:28	1	0	1	0
       1	2016-10-17 17:00:59	1	0	1	0
       1	2016-10-18 07:02:12	1	0	1	0
       1	2016-10-18 17:02:38	1	0	1	0
       2	2016-10-17 07:03:34	1	0	1	0
       2	2016-10-17 17:06:47	1	0	1	0
       2	2016-10-18 07:23:59	1	0	1	0
       2	2016-10-18 16:24:19	1	0	1	0
       3	2016-10-17 07:25:16	1	0	1	0
       3	2016-10-17 18:36:12	1	0	1	0
       3	2016-10-18 08:34:55	1	0	1	0
       3	2016-10-18 17:52:27	1	0	1	0
       4	2016-10-17 08:56:03	1	0	1	0
       4	2016-10-17 18:33:07	1	0	1	0
       4	2016-10-18 07:39:11	1	0	1	0
       4	2016-10-18 18:48:16	1	0	1	0
       5	2016-10-17 11:55:47	1	0	1	0
       5	2016-10-17 19:56:39	1	0	1	0
       5	2016-10-18 08:12:57	1	0	1	0
       5	2016-10-18 13:17:38	1	0	1	0
       6	2016-10-17 06:30:16	1	0	1	0
       6	2016-10-17 17:32:25	1	0	1	0
       6	2016-10-18 07:45:20	1	0	1	0
       6	2016-10-18 18:07:50	1	0	1	0
       7	2016-10-17 07:26:11	1	0	1	0
       7	2016-10-17 13:28:34	1	0	1	0
       7	2016-10-18 07:29:49	1	0	1	0
       7	2016-10-18 17:30:55	1	0	1	0
       8	2016-10-17 07:41:19	1	0	1	0
       8	2016-10-17 14:02:26	1	0	1	0
       8	2016-10-18 07:02:43	1	0	1	0
       8	2016-10-18 18:01:31	1	0	1	0
       9	2016-10-17 07:34:28	1	0	1	0
       9	2016-10-17 15:02:47	1	0	1	0
       9	2016-10-18 06:28:28	1	0	1	0
       9	2016-10-18 16:29:10	1	0	1	0
       10	2016-10-17 07:30:44	1	0	1	0
       10	2016-10-17 16:53:01	1	0	1	0
       10	2016-10-18 06:53:42	1	0	1	0
       10	2016-10-18 17:52:47	1	0	1	0
       11	2016-10-17 07:57:40	1	0	1	0
       11	2016-10-17 17:58:01	1	0	1	0
       11	2016-10-18 07:59:11	1	0	1	0
       11	2016-10-18 17:59:13	1	0	1	0
       12	2016-10-17 06:59:57	1	0	1	0
       12	2016-10-17 17:00:57	1	0	1	0
       12	2016-10-18 07:01:06	1	0	1	0
       12	2016-10-18 17:01:33	1	0	1	0
       13	2016-10-17 07:02:56	1	0	1	0
       13	2016-10-17 17:03:41	1	0	1	0
       13	2016-10-18 07:05:50	1	0	1	0
       13	2016-10-18 17:42:36	1	0	1	0
       14	2016-10-17 08:29:08	1	0	1	0
       14	2016-10-17 17:01:47	1	0	1	0
       14	2016-10-18 07:54:11	1	0	1	0
       14	2016-10-18 17:57:13	1	0	1	0
       15	2016-10-17 06:03:21	1	0	1	0
       15	2016-10-17 17:03:31	1	0	1	0
       15	2016-10-18 06:45:24	1	0	1	0
       15	2016-10-18 17:52:20	1	0	1	0
       16	2016-10-17 06:54:42	1	0	1	0
       16	2016-10-17 17:58:03	1	0	1	0
       16	2016-10-18 07:00:24	1	0	1	0
       16	2016-10-18 17:00:36	1	0	1	0
       17	2016-10-17 07:02:57	1	0	1	0
       17	2016-10-17 17:04:33	1	0	1	0
       17	2016-10-18 07:05:00	1	0	1	0
       17	2016-10-18 17:08:55	1	0	1	0
       18	2016-10-17 07:29:33	1	0	1	0
       18	2016-10-17 17:31:16	1	0	1	0
       18	2016-10-18 07:39:51	1	0	1	0
       18	2016-10-18 17:58:02	1	0	1	0
       19	2016-10-17 07:04:39	1	0	1	0
       19	2016-10-17 17:58:48	1	0	1	0
       19	2016-10-18 07:04:35	1	0	1	0
       19	2016-10-18 17:04:49	1	0	1	0
       20	2016-10-17 07:11:20	1	0	1	0
       20	2016-10-17 17:13:06	1	0	1	0
       20	2016-10-18 07:15:22	1	0	1	0
       20	2016-10-18 17:30:38	1	0	1	0
       1	2016-10-19 07:00:28	1	0	1	0
       1	2016-10-19 17:00:59	1	0	1	0
       1	2016-10-20 07:02:12	1	0	1	0
       1	2016-10-20 17:02:38	1	0	1	0
       2	2016-10-19 07:03:34	1	0	1	0
       2	2016-10-19 17:06:47	1	0	1	0
       2	2016-10-20 07:23:59	1	0	1	0
       2	2016-10-20 16:24:19	1	0	1	0
       3	2016-10-19 07:25:16	1	0	1	0
       3	2016-10-19 18:36:12	1	0	1	0
       3	2016-10-20 08:34:55	1	0	1	0
       3	2016-10-20 17:52:27	1	0	1	0
       4	2016-10-19 08:56:03	1	0	1	0
       4	2016-10-19 18:33:07	1	0	1	0
       4	2016-10-20 07:39:11	1	0	1	0
       4	2016-10-20 18:48:16	1	0	1	0
       5	2016-10-19 11:55:47	1	0	1	0
       5	2016-10-19 19:56:39	1	0	1	0
       5	2016-10-20 08:12:57	1	0	1	0
       5	2016-10-20 13:17:38	1	0	1	0
       6	2016-10-19 06:30:16	1	0	1	0
       6	2016-10-19 17:32:25	1	0	1	0
       6	2016-10-20 07:45:20	1	0	1	0
       6	2016-10-20 18:07:50	1	0	1	0
       7	2016-10-19 07:26:11	1	0	1	0
       7	2016-10-19 13:28:34	1	0	1	0
       7	2016-10-20 07:29:49	1	0	1	0
       7	2016-10-20 17:30:55	1	0	1	0
       8	2016-10-19 07:41:19	1	0	1	0
       8	2016-10-19 14:02:26	1	0	1	0
       8	2016-10-20 07:02:43	1	0	1	0
       8	2016-10-20 18:01:31	1	0	1	0
       9	2016-10-19 07:34:28	1	0	1	0
       9	2016-10-19 15:02:47	1	0	1	0
       9	2016-10-20 06:28:28	1	0	1	0
       9	2016-10-20 16:29:10	1	0	1	0
       10	2016-10-19 07:30:44	1	0	1	0
       10	2016-10-19 16:53:01	1	0	1	0
       10	2016-10-20 06:53:42	1	0	1	0
       10	2016-10-20 17:52:47	1	0	1	0
       11	2016-10-19 07:57:40	1	0	1	0
       11	2016-10-19 17:58:01	1	0	1	0
       11	2016-10-20 07:59:11	1	0	1	0
       11	2016-10-20 17:59:13	1	0	1	0
       12	2016-10-19 06:59:57	1	0	1	0
       12	2016-10-19 17:00:57	1	0	1	0
       12	2016-10-20 07:01:06	1	0	1	0
       12	2016-10-20 17:01:33	1	0	1	0
       13	2016-10-19 07:02:56	1	0	1	0
       13	2016-10-19 17:03:41	1	0	1	0
       13	2016-10-20 07:05:50	1	0	1	0
       13	2016-10-20 17:42:36	1	0	1	0
       14	2016-10-19 08:29:08	1	0	1	0
       14	2016-10-19 17:01:47	1	0	1	0
       14	2016-10-20 07:54:11	1	0	1	0
       14	2016-10-20 17:57:13	1	0	1	0
       15	2016-10-19 06:03:21	1	0	1	0
       15	2016-10-19 17:03:31	1	0	1	0
       15	2016-10-20 06:45:24	1	0	1	0
       15	2016-10-20 17:52:20	1	0	1	0
       16	2016-10-19 06:54:42	1	0	1	0
       16	2016-10-19 17:58:03	1	0	1	0
       16	2016-10-20 07:00:24	1	0	1	0
       16	2016-10-20 17:00:36	1	0	1	0
       17	2016-10-19 07:02:57	1	0	1	0
       17	2016-10-19 17:04:33	1	0	1	0
       17	2016-10-20 07:05:00	1	0	1	0
       17	2016-10-20 17:08:55	1	0	1	0
       18	2016-10-19 07:29:33	1	0	1	0
       18	2016-10-19 17:31:16	1	0	1	0
       18	2016-10-20 07:39:51	1	0	1	0
       18	2016-10-20 17:58:02	1	0	1	0
       19	2016-10-19 07:04:39	1	0	1	0
       19	2016-10-19 17:58:48	1	0	1	0
       19	2016-10-20 07:04:35	1	0	1	0
       19	2016-10-20 17:04:49	1	0	1	0
       20	2016-10-19 07:11:20	1	0	1	0
       20	2016-10-19 17:13:06	1	0	1	0
       20	2016-10-20 07:15:22	1	0	1	0
       20	2016-10-20 17:30:38	1	0	1	0
       1	2016-10-21 07:00:28	1	0	1	0
       1	2016-10-21 17:00:59	1	0	1	0
       1	2016-10-22 07:02:12	1	0	1	0
       1	2016-10-22 17:02:38	1	0	1	0
       2	2016-10-21 07:03:34	1	0	1	0
       2	2016-10-21 17:06:47	1	0	1	0
       2	2016-10-22 07:23:59	1	0	1	0
       2	2016-10-22 16:24:19	1	0	1	0
       3	2016-10-21 07:25:16	1	0	1	0
       3	2016-10-21 18:36:12	1	0	1	0
       3	2016-10-22 08:34:55	1	0	1	0
       3	2016-10-22 17:52:27	1	0	1	0
       4	2016-10-21 08:56:03	1	0	1	0
       4	2016-10-21 18:33:07	1	0	1	0
       4	2016-10-22 07:39:11	1	0	1	0
       4	2016-10-22 18:48:16	1	0	1	0
       5	2016-10-21 11:55:47	1	0	1	0
       5	2016-10-21 19:56:39	1	0	1	0
       5	2016-10-22 08:12:57	1	0	1	0
       5	2016-10-22 13:17:38	1	0	1	0
       6	2016-10-21 06:30:16	1	0	1	0
       6	2016-10-21 17:32:25	1	0	1	0
       6	2016-10-22 07:45:20	1	0	1	0
       6	2016-10-22 18:07:50	1	0	1	0
       7	2016-10-21 07:26:11	1	0	1	0
       7	2016-10-21 13:28:34	1	0	1	0
       7	2016-10-22 07:29:49	1	0	1	0
       7	2016-10-22 17:30:55	1	0	1	0
       8	2016-10-21 07:41:19	1	0	1	0
       8	2016-10-21 14:02:26	1	0	1	0
       8	2016-10-22 07:02:43	1	0	1	0
       8	2016-10-22 18:01:31	1	0	1	0
       9	2016-10-21 07:34:28	1	0	1	0
       9	2016-10-21 15:02:47	1	0	1	0
       9	2016-10-22 06:28:28	1	0	1	0
       9	2016-10-22 16:29:10	1	0	1	0
       10	2016-10-21 07:30:44	1	0	1	0
       10	2016-10-21 16:53:01	1	0	1	0
       10	2016-10-22 06:53:42	1	0	1	0
       10	2016-10-22 17:52:47	1	0	1	0
       11	2016-10-21 07:57:40	1	0	1	0
       11	2016-10-21 17:58:01	1	0	1	0
       11	2016-10-22 07:59:11	1	0	1	0
       11	2016-10-22 17:59:13	1	0	1	0
       12	2016-10-21 06:59:57	1	0	1	0
       12	2016-10-21 17:00:57	1	0	1	0
       12	2016-10-22 07:01:06	1	0	1	0
       12	2016-10-22 17:01:33	1	0	1	0
       13	2016-10-21 07:02:56	1	0	1	0
       13	2016-10-21 17:03:41	1	0	1	0
       13	2016-10-22 07:05:50	1	0	1	0
       13	2016-10-22 17:42:36	1	0	1	0
       14	2016-10-21 08:29:08	1	0	1	0
       14	2016-10-21 17:01:47	1	0	1	0
       14	2016-10-22 07:54:11	1	0	1	0
       14	2016-10-22 17:57:13	1	0	1	0
       15	2016-10-21 06:03:21	1	0	1	0
       15	2016-10-21 17:03:31	1	0	1	0
       15	2016-10-22 06:45:24	1	0	1	0
       15	2016-10-22 17:52:20	1	0	1	0
       16	2016-10-21 06:54:42	1	0	1	0
       16	2016-10-21 17:58:03	1	0	1	0
       16	2016-10-22 07:00:24	1	0	1	0
       16	2016-10-22 17:00:36	1	0	1	0
       17	2016-10-21 07:02:57	1	0	1	0
       17	2016-10-21 17:04:33	1	0	1	0
       17	2016-10-22 07:05:00	1	0	1	0
       17	2016-10-22 17:08:55	1	0	1	0
       18	2016-10-21 07:29:33	1	0	1	0
       18	2016-10-21 17:31:16	1	0	1	0
       18	2016-10-22 07:39:51	1	0	1	0
       18	2016-10-22 17:58:02	1	0	1	0
       19	2016-10-21 07:04:39	1	0	1	0
       19	2016-10-21 17:58:48	1	0	1	0
       19	2016-10-22 07:04:35	1	0	1	0
       19	2016-10-22 17:04:49	1	0	1	0
       20	2016-10-21 07:11:20	1	0	1	0
       20	2016-10-21 17:13:06	1	0	1	0
       20	2016-10-22 07:15:22	1	0	1	0
       20	2016-10-22 17:30:38	1	0	1	0
       1	2016-10-23 07:00:28	1	0	1	0
       1	2016-10-23 17:00:59	1	0	1	0
       1	2016-10-24 07:02:12	1	0	1	0
       1	2016-10-24 17:02:38	1	0	1	0
       2	2016-10-23 07:03:34	1	0	1	0
       2	2016-10-23 17:06:47	1	0	1	0
       2	2016-10-24 07:23:59	1	0	1	0
       2	2016-10-24 16:24:19	1	0	1	0
       3	2016-10-23 07:25:16	1	0	1	0
       3	2016-10-23 18:36:12	1	0	1	0
       3	2016-10-24 08:34:55	1	0	1	0
       3	2016-10-24 17:52:27	1	0	1	0
       4	2016-10-23 08:56:03	1	0	1	0
       4	2016-10-23 18:33:07	1	0	1	0
       4	2016-10-24 07:39:11	1	0	1	0
       4	2016-10-24 18:48:16	1	0	1	0
       5	2016-10-23 11:55:47	1	0	1	0
       5	2016-10-23 19:56:39	1	0	1	0
       5	2016-10-24 08:12:57	1	0	1	0
       5	2016-10-24 13:17:38	1	0	1	0
       6	2016-10-23 06:30:16	1	0	1	0
       6	2016-10-23 17:32:25	1	0	1	0
       6	2016-10-24 07:45:20	1	0	1	0
       6	2016-10-24 18:07:50	1	0	1	0
       7	2016-10-23 07:26:11	1	0	1	0
       7	2016-10-23 13:28:34	1	0	1	0
       7	2016-10-24 07:29:49	1	0	1	0
       7	2016-10-24 17:30:55	1	0	1	0
       8	2016-10-23 07:41:19	1	0	1	0
       8	2016-10-23 14:02:26	1	0	1	0
       8	2016-10-24 07:02:43	1	0	1	0
       8	2016-10-24 18:01:31	1	0	1	0
       9	2016-10-23 07:34:28	1	0	1	0
       9	2016-10-23 15:02:47	1	0	1	0
       9	2016-10-24 06:28:28	1	0	1	0
       9	2016-10-24 16:29:10	1	0	1	0
       10	2016-10-23 07:30:44	1	0	1	0
       10	2016-10-23 16:53:01	1	0	1	0
       10	2016-10-24 06:53:42	1	0	1	0
       10	2016-10-24 17:52:47	1	0	1	0
       11	2016-10-23 07:57:40	1	0	1	0
       11	2016-10-23 17:58:01	1	0	1	0
       11	2016-10-24 07:59:11	1	0	1	0
       11	2016-10-24 17:59:13	1	0	1	0
       12	2016-10-23 06:59:57	1	0	1	0
       12	2016-10-23 17:00:57	1	0	1	0
       12	2016-10-24 07:01:06	1	0	1	0
       12	2016-10-24 17:01:33	1	0	1	0
       13	2016-10-23 07:02:56	1	0	1	0
       13	2016-10-23 17:03:41	1	0	1	0
       13	2016-10-24 07:05:50	1	0	1	0
       13	2016-10-24 17:42:36	1	0	1	0
       14	2016-10-23 08:29:08	1	0	1	0
       14	2016-10-23 17:01:47	1	0	1	0
       14	2016-10-24 07:54:11	1	0	1	0
       14	2016-10-24 17:57:13	1	0	1	0
       15	2016-10-23 06:03:21	1	0	1	0
       15	2016-10-23 17:03:31	1	0	1	0
       15	2016-10-24 06:45:24	1	0	1	0
       15	2016-10-24 17:52:20	1	0	1	0
       16	2016-10-23 06:54:42	1	0	1	0
       16	2016-10-23 17:58:03	1	0	1	0
       16	2016-10-24 07:00:24	1	0	1	0
       16	2016-10-24 17:00:36	1	0	1	0
       17	2016-10-23 07:02:57	1	0	1	0
       17	2016-10-23 17:04:33	1	0	1	0
       17	2016-10-24 07:05:00	1	0	1	0
       17	2016-10-24 17:08:55	1	0	1	0
       18	2016-10-23 07:29:33	1	0	1	0
       18	2016-10-23 17:31:16	1	0	1	0
       18	2016-10-24 07:39:51	1	0	1	0
       18	2016-10-24 17:58:02	1	0	1	0
       19	2016-10-23 07:04:39	1	0	1	0
       19	2016-10-23 17:58:48	1	0	1	0
       19	2016-10-24 07:04:35	1	0	1	0
       19	2016-10-24 17:04:49	1	0	1	0
       20	2016-10-23 07:11:20	1	0	1	0
       20	2016-10-23 17:13:06	1	0	1	0
       20	2016-10-24 07:15:22	1	0	1	0
       20	2016-10-24 17:30:38	1	0	1	0
       1	2016-10-25 07:00:28	1	0	1	0
       1	2016-10-25 17:00:59	1	0	1	0
       1	2016-10-26 07:02:12	1	0	1	0
       1	2016-10-26 17:02:38	1	0	1	0
       2	2016-10-25 07:03:34	1	0	1	0
       2	2016-10-25 17:06:47	1	0	1	0
       2	2016-10-26 07:23:59	1	0	1	0
       2	2016-10-26 16:24:19	1	0	1	0
       3	2016-10-25 07:25:16	1	0	1	0
       3	2016-10-25 18:36:12	1	0	1	0
       3	2016-10-26 08:34:55	1	0	1	0
       3	2016-10-26 17:52:27	1	0	1	0
       4	2016-10-25 08:56:03	1	0	1	0
       4	2016-10-25 18:33:07	1	0	1	0
       4	2016-10-26 07:39:11	1	0	1	0
       4	2016-10-26 18:48:16	1	0	1	0
       5	2016-10-25 11:55:47	1	0	1	0
       5	2016-10-25 19:56:39	1	0	1	0
       6	2016-10-25 06:30:16	1	0	1	0
       6	2016-10-25 17:32:25	1	0	1	0
       6	2016-10-26 07:45:20	1	0	1	0
       6	2016-10-26 18:07:50	1	0	1	0
       7	2016-10-25 07:26:11	1	0	1	0
       7	2016-10-25 13:28:34	1	0	1	0
       7	2016-10-26 07:29:49	1	0	1	0
       7	2016-10-26 17:30:55	1	0	1	0
       8	2016-10-25 07:41:19	1	0	1	0
       8	2016-10-25 14:02:26	1	0	1	0
       8	2016-10-26 07:02:43	1	0	1	0
       8	2016-10-26 18:01:31	1	0	1	0
       9	2016-10-25 07:34:28	1	0	1	0
       9	2016-10-25 15:02:47	1	0	1	0
       9	2016-10-26 06:28:28	1	0	1	0
       9	2016-10-26 16:29:10	1	0	1	0
       10	2016-10-25 07:30:44	1	0	1	0
       10	2016-10-25 16:53:01	1	0	1	0
       10	2016-10-26 06:53:42	1	0	1	0
       10	2016-10-26 17:52:47	1	0	1	0
       11	2016-10-25 07:57:40	1	0	1	0
       11	2016-10-25 17:58:01	1	0	1	0
       11	2016-10-26 07:59:11	1	0	1	0
       11	2016-10-26 17:59:13	1	0	1	0
       12	2016-10-25 06:59:57	1	0	1	0
       12	2016-10-25 17:00:57	1	0	1	0
       12	2016-10-26 07:01:06	1	0	1	0
       12	2016-10-26 17:01:33	1	0	1	0
       13	2016-10-25 07:02:56	1	0	1	0
       13	2016-10-25 17:03:41	1	0	1	0
       13	2016-10-26 07:05:50	1	0	1	0
       13	2016-10-26 17:42:36	1	0	1	0
       14	2016-10-25 08:29:08	1	0	1	0
       14	2016-10-25 17:01:47	1	0	1	0
       14	2016-10-26 07:54:11	1	0	1	0
       14	2016-10-26 17:57:13	1	0	1	0
       15	2016-10-25 06:03:21	1	0	1	0
       15	2016-10-25 17:03:31	1	0	1	0
       15	2016-10-26 06:45:24	1	0	1	0
       15	2016-10-26 17:52:20	1	0	1	0
       16	2016-10-25 06:54:42	1	0	1	0
       16	2016-10-25 17:58:03	1	0	1	0
       17	2016-10-25 07:02:57	1	0	1	0
       17	2016-10-25 17:04:33	1	0	1	0
       17	2016-10-26 07:05:00	1	0	1	0
       17	2016-10-26 17:08:55	1	0	1	0
       18	2016-10-25 07:29:33	1	0	1	0
       18	2016-10-25 17:31:16	1	0	1	0
       18	2016-10-26 07:39:51	1	0	1	0
       18	2016-10-26 17:58:02	1	0	1	0
       19	2016-10-25 07:04:39	1	0	1	0
       19	2016-10-25 17:58:48	1	0	1	0
       19	2016-10-26 07:04:35	1	0	1	0
       19	2016-10-26 17:04:49	1	0	1	0
       20	2016-10-25 07:11:20	1	0	1	0
       20	2016-10-25 17:13:06	1	0	1	0
       20	2016-10-26 07:15:22	1	0	1	0
       20	2016-10-26 17:30:38	1	0	1	0
       1	2016-10-27 07:00:28	1	0	1	0
       1	2016-10-27 17:00:59	1	0	1	0
       1	2016-10-28 07:02:12	1	0	1	0
       1	2016-10-28 17:02:38	1	0	1	0
       2	2016-10-27 07:03:34	1	0	1	0
       2	2016-10-27 17:06:47	1	0	1	0
       2	2016-10-28 07:23:59	1	0	1	0
       2	2016-10-28 16:24:19	1	0	1	0
       3	2016-10-27 07:25:16	1	0	1	0
       3	2016-10-27 18:36:12	1	0	1	0
       3	2016-10-28 08:34:55	1	0	1	0
       3	2016-10-28 17:52:27	1	0	1	0
       4	2016-10-27 08:56:03	1	0	1	0
       4	2016-10-27 18:33:07	1	0	1	0
       4	2016-10-28 07:39:11	1	0	1	0
       4	2016-10-28 18:48:16	1	0	1	0
       5	2016-10-27 11:55:47	1	0	1	0
       5	2016-10-27 19:56:39	1	0	1	0
       5	2016-10-28 08:12:57	1	0	1	0
       5	2016-10-28 13:17:38	1	0	1	0
       6	2016-10-27 06:30:16	1	0	1	0
       6	2016-10-27 17:32:25	1	0	1	0
       6	2016-10-28 07:45:20	1	0	1	0
       6	2016-10-28 18:07:50	1	0	1	0
       7	2016-10-27 07:26:11	1	0	1	0
       7	2016-10-27 13:28:34	1	0	1	0
       7	2016-10-28 07:29:49	1	0	1	0
       7	2016-10-28 17:30:55	1	0	1	0
       8	2016-10-27 07:41:19	1	0	1	0
       8	2016-10-27 14:02:26	1	0	1	0
       8	2016-10-28 07:02:43	1	0	1	0
       8	2016-10-28 18:01:31	1	0	1	0
       9	2016-10-27 07:34:28	1	0	1	0
       9	2016-10-27 15:02:47	1	0	1	0
       10	2016-10-27 07:30:44	1	0	1	0
       10	2016-10-27 16:53:01	1	0	1	0
       10	2016-10-28 06:53:42	1	0	1	0
       10	2016-10-28 17:52:47	1	0	1	0
       11	2016-10-27 07:57:40	1	0	1	0
       11	2016-10-27 17:58:01	1	0	1	0
       11	2016-10-28 07:59:11	1	0	1	0
       11	2016-10-28 17:59:13	1	0	1	0
       12	2016-10-27 06:59:57	1	0	1	0
       12	2016-10-27 17:00:57	1	0	1	0
       12	2016-10-28 07:01:06	1	0	1	0
       12	2016-10-28 17:01:33	1	0	1	0
       13	2016-10-27 07:02:56	1	0	1	0
       13	2016-10-27 17:03:41	1	0	1	0
       13	2016-10-28 07:05:50	1	0	1	0
       13	2016-10-28 17:42:36	1	0	1	0
       14	2016-10-27 08:29:08	1	0	1	0
       14	2016-10-27 17:01:47	1	0	1	0
       14	2016-10-28 07:54:11	1	0	1	0
       14	2016-10-28 17:57:13	1	0	1	0
       15	2016-10-27 06:03:21	1	0	1	0
       15	2016-10-27 17:03:31	1	0	1	0
       15	2016-10-28 06:45:24	1	0	1	0
       15	2016-10-28 17:52:20	1	0	1	0
       16	2016-10-27 06:54:42	1	0	1	0
       16	2016-10-27 17:58:03	1	0	1	0
       16	2016-10-28 07:00:24	1	0	1	0
       16	2016-10-28 17:00:36	1	0	1	0
       17	2016-10-27 07:02:57	1	0	1	0
       17	2016-10-27 17:04:33	1	0	1	0
       17	2016-10-28 07:05:00	1	0	1	0
       17	2016-10-28 17:08:55	1	0	1	0
       18	2016-10-27 07:29:33	1	0	1	0
       18	2016-10-27 17:31:16	1	0	1	0
       18	2016-10-28 07:39:51	1	0	1	0
       18	2016-10-28 17:58:02	1	0	1	0
       19	2016-10-27 07:04:39	1	0	1	0
       19	2016-10-27 17:58:48	1	0	1	0
       19	2016-10-28 07:04:35	1	0	1	0
       19	2016-10-28 17:04:49	1	0	1	0
       20	2016-10-27 07:11:20	1	0	1	0
       20	2016-10-27 17:13:06	1	0	1	0
       20	2016-10-28 07:15:22	1	0	1	0
       20	2016-10-28 17:30:38	1	0	1	0
       1	2016-10-29 07:00:28	1	0	1	0
       1	2016-10-29 17:00:59	1	0	1	0
       1	2016-10-30 07:02:12	1	0	1	0
       1	2016-10-30 17:02:38	1	0	1	0
       2	2016-10-29 07:03:34	1	0	1	0
       2	2016-10-29 17:06:47	1	0	1	0
       2	2016-10-30 07:23:59	1	0	1	0
       2	2016-10-30 16:24:19	1	0	1	0
       3	2016-10-29 07:25:16	1	0	1	0
       3	2016-10-29 18:36:12	1	0	1	0
       3	2016-10-30 08:34:55	1	0	1	0
       3	2016-10-30 17:52:27	1	0	1	0
       4	2016-10-29 08:56:03	1	0	1	0
       4	2016-10-29 18:33:07	1	0	1	0
       4	2016-10-30 07:39:11	1	0	1	0
       4	2016-10-30 18:48:16	1	0	1	0
       5	2016-10-29 11:55:47	1	0	1	0
       5	2016-10-29 19:56:39	1	0	1	0
       5	2016-10-30 08:12:57	1	0	1	0
       5	2016-10-30 13:17:38	1	0	1	0
       6	2016-10-29 06:30:16	1	0	1	0
       6	2016-10-29 17:32:25	1	0	1	0
       6	2016-10-30 07:45:20	1	0	1	0
       6	2016-10-30 18:07:50	1	0	1	0
       7	2016-10-29 07:26:11	1	0	1	0
       7	2016-10-29 13:28:34	1	0	1	0
       7	2016-10-30 07:29:49	1	0	1	0
       7	2016-10-30 17:30:55	1	0	1	0
       8	2016-10-29 07:41:19	1	0	1	0
       8	2016-10-29 14:02:26	1	0	1	0
       8	2016-10-30 07:02:43	1	0	1	0
       8	2016-10-30 18:01:31	1	0	1	0
       9	2016-10-29 07:34:28	1	0	1	0
       9	2016-10-29 15:02:47	1	0	1	0
       9	2016-10-30 06:28:28	1	0	1	0
       9	2016-10-30 16:29:10	1	0	1	0
       10	2016-10-29 07:30:44	1	0	1	0
       10	2016-10-29 16:53:01	1	0	1	0
       10	2016-10-30 06:53:42	1	0	1	0
       10	2016-10-30 17:52:47	1	0	1	0
       11	2016-10-29 07:57:40	1	0	1	0
       11	2016-10-29 17:58:01	1	0	1	0
       11	2016-10-30 07:59:11	1	0	1	0
       11	2016-10-30 17:59:13	1	0	1	0
       12	2016-10-29 06:59:57	1	0	1	0
       12	2016-10-29 17:00:57	1	0	1	0
       12	2016-10-30 07:01:06	1	0	1	0
       12	2016-10-30 17:01:33	1	0	1	0
       13	2016-10-29 07:02:56	1	0	1	0
       13	2016-10-29 17:03:41	1	0	1	0
       13	2016-10-30 07:05:50	1	0	1	0
       13	2016-10-30 17:42:36	1	0	1	0
       14	2016-10-29 08:29:08	1	0	1	0
       14	2016-10-29 17:01:47	1	0	1	0
       14	2016-10-30 07:54:11	1	0	1	0
       14	2016-10-30 17:57:13	1	0	1	0
       15	2016-10-29 06:03:21	1	0	1	0
       15	2016-10-29 17:03:31	1	0	1	0
       15	2016-10-30 06:45:24	1	0	1	0
       15	2016-10-30 17:52:20	1	0	1	0
       16	2016-10-29 06:54:42	1	0	1	0
       16	2016-10-29 17:58:03	1	0	1	0
       16	2016-10-30 07:00:24	1	0	1	0
       16	2016-10-30 17:00:36	1	0	1	0
       17	2016-10-29 07:02:57	1	0	1	0
       17	2016-10-29 17:04:33	1	0	1	0
       17	2016-10-30 07:05:00	1	0	1	0
       17	2016-10-30 17:08:55	1	0	1	0
       18	2016-10-29 07:29:33	1	0	1	0
       18	2016-10-29 17:31:16	1	0	1	0
       18	2016-10-30 07:39:51	1	0	1	0
       18	2016-10-30 17:58:02	1	0	1	0
       19	2016-10-29 07:04:39	1	0	1	0
       19	2016-10-29 17:58:48	1	0	1	0
       19	2016-10-30 07:04:35	1	0	1	0
       19	2016-10-30 17:04:49	1	0	1	0
       20	2016-10-29 07:11:20	1	0	1	0
       20	2016-10-29 17:13:06	1	0	1	0
       20	2016-10-30 07:15:22	1	0	1	0
       20	2016-10-30 17:30:38	1	0	1	0
       1	2016-10-31 07:00:28	1	0	1	0
       1	2016-10-31 17:00:59	1	0	1	0
       1	2016-11-01 07:02:12	1	0	1	0
       1	2016-11-01 17:02:38	1	0	1	0
       2	2016-10-31 07:03:34	1	0	1	0
       2	2016-10-31 17:06:47	1	0	1	0
       2	2016-11-01 07:23:59	1	0	1	0
       2	2016-11-01 16:24:19	1	0	1	0
       3	2016-10-31 07:25:16	1	0	1	0
       3	2016-10-31 18:36:12	1	0	1	0
       3	2016-11-01 08:34:55	1	0	1	0
       3	2016-11-01 17:52:27	1	0	1	0
       4	2016-10-31 08:56:03	1	0	1	0
       4	2016-10-31 18:33:07	1	0	1	0
       4	2016-11-01 07:39:11	1	0	1	0
       4	2016-11-01 18:48:16	1	0	1	0
       5	2016-10-31 11:55:47	1	0	1	0
       5	2016-10-31 19:56:39	1	0	1	0
       5	2016-11-01 08:12:57	1	0	1	0
       5	2016-11-01 13:17:38	1	0	1	0
       6	2016-10-31 06:30:16	1	0	1	0
       6	2016-10-31 17:32:25	1	0	1	0
       6	2016-11-01 07:45:20	1	0	1	0
       6	2016-11-01 18:07:50	1	0	1	0
       7	2016-10-31 07:26:11	1	0	1	0
       7	2016-10-31 13:28:34	1	0	1	0
       7	2016-11-01 07:29:49	1	0	1	0
       7	2016-11-01 17:30:55	1	0	1	0
       8	2016-10-31 07:41:19	1	0	1	0
       8	2016-10-31 14:02:26	1	0	1	0
       8	2016-11-01 07:02:43	1	0	1	0
       8	2016-11-01 18:01:31	1	0	1	0
       9	2016-10-31 07:34:28	1	0	1	0
       9	2016-10-31 15:02:47	1	0	1	0
       9	2016-11-01 06:28:28	1	0	1	0
       9	2016-11-01 16:29:10	1	0	1	0
       10	2016-10-31 07:30:44	1	0	1	0
       10	2016-10-31 16:53:01	1	0	1	0
       10	2016-11-01 06:53:42	1	0	1	0
       10	2016-11-01 17:52:47	1	0	1	0
       11	2016-10-31 07:57:40	1	0	1	0
       11	2016-10-31 17:58:01	1	0	1	0
       11	2016-11-01 07:59:11	1	0	1	0
       11	2016-11-01 17:59:13	1	0	1	0
       12	2016-10-31 06:59:57	1	0	1	0
       12	2016-10-31 17:00:57	1	0	1	0
       12	2016-11-01 07:01:06	1	0	1	0
       12	2016-11-01 17:01:33	1	0	1	0
       13	2016-10-31 07:02:56	1	0	1	0
       13	2016-10-31 17:03:41	1	0	1	0
       13	2016-11-01 07:05:50	1	0	1	0
       13	2016-11-01 17:42:36	1	0	1	0
       14	2016-10-31 08:29:08	1	0	1	0
       14	2016-10-31 17:01:47	1	0	1	0
       14	2016-11-01 07:54:11	1	0	1	0
       14	2016-11-01 17:57:13	1	0	1	0
       15	2016-10-31 06:03:21	1	0	1	0
       15	2016-10-31 17:03:31	1	0	1	0
       15	2016-11-01 06:45:24	1	0	1	0
       15	2016-11-01 17:52:20	1	0	1	0
       16	2016-10-31 06:54:42	1	0	1	0
       16	2016-10-31 17:58:03	1	0	1	0
       16	2016-11-01 07:00:24	1	0	1	0
       16	2016-11-01 17:00:36	1	0	1	0
       17	2016-10-31 07:02:57	1	0	1	0
       17	2016-10-31 17:04:33	1	0	1	0
       17	2016-11-01 07:05:00	1	0	1	0
       17	2016-11-01 17:08:55	1	0	1	0
       18	2016-10-31 07:29:33	1	0	1	0
       18	2016-10-31 17:31:16	1	0	1	0
       18	2016-11-01 07:39:51	1	0	1	0
       18	2016-11-01 17:58:02	1	0	1	0
       19	2016-10-31 07:04:39	1	0	1	0
       19	2016-10-31 17:58:48	1	0	1	0
       19	2016-11-01 07:04:35	1	0	1	0
       19	2016-11-01 17:04:49	1	0	1	0
       20	2016-10-31 07:11:20	1	0	1	0
       20	2016-10-31 17:13:06	1	0	1	0
       20	2016-11-01 07:15:22	1	0	1	0
       20	2016-11-01 17:30:38	1	0	1	0