       1	2016-11-01 07:00:28	1	0	1	0
       1	2016-11-01 17:00:59	1	0	1	0
       1	2016-11-02 07:02:12	1	0	1	0
       1	2016-11-02 17:02:38	1	0	1	0
       2	2016-11-01 07:03:34	1	0	1	0
       2	2016-11-01 17:06:47	1	0	1	0
       2	2016-11-02 07:23:59	1	0	1	0
       2	2016-11-02 16:24:19	1	0	1	0
       3	2016-11-01 07:25:16	1	0	1	0
       3	2016-11-01 18:36:12	1	0	1	0
       3	2016-11-02 08:34:55	1	0	1	0
       3	2016-11-02 17:52:27	1	0	1	0
       4	2016-11-01 08:56:03	1	0	1	0
       4	2016-11-01 18:33:07	1	0	1	0
       4	2016-11-02 07:39:11	1	0	1	0
       4	2016-11-02 18:48:16	1	0	1	0
       5	2016-11-01 11:55:47	1	0	1	0
       5	2016-11-01 19:56:39	1	0	1	0
       5	2016-11-02 08:12:57	1	0	1	0
       5	2016-11-02 13:17:38	1	0	1	0
       6	2016-11-01 06:30:16	1	0	1	0
       6	2016-11-01 17:32:25	1	0	1	0
       6	2016-11-02 07:45:20	1	0	1	0
       6	2016-11-02 18:07:50	1	0	1	0
       7	2016-11-01 07:26:11	1	0	1	0
       7	2016-11-01 13:28:34	1	0	1	0
       7	2016-11-02 07:29:49	1	0	1	0
       7	2016-11-02 17:30:55	1	0	1	0
       8	2016-11-01 07:41:19	1	0	1	0
       8	2016-11-01 14:02:26	1	0	1	0
       8	2016-11-02 07:02:43	1	0	1	0
       8	2016-11-02 18:01:31	1	0	1	0
       9	2016-11-01 07:34:28	1	0	1	0
       9	2016-11-01 15:02:47	1	0	1	0
       9	2016-11-02 06:28:28	1	0	1	0
       9	2016-11-02 16:29:10	1	0	1	0
       10	2016-11-01 07:30:44	1	0	1	0
       10	2016-11-01 16:53:01	1	0	1	0
       10	2016-11-02 06:53:42	1	0	1	0
       10	2016-11-02 17:52:47	1	0	1	0
       11	2016-11-01 07:57:40	1	0	1	0
       11	2016-11-01 17:58:01	1	0	1	0
       11	2016-11-02 07:59:11	1	0	1	0
       11	2016-11-02 17:59:13	1	0	1	0
       12	2016-11-01 06:59:57	1	0	1	0
       12	2016-11-01 17:00:57	1	0	1	0
       12	2016-11-02 07:01:06	1	0	1	0
       12	2016-11-02 17:01:33	1	0	1	0
       13	2016-11-01 07:02:56	1	0	1	0
       13	2016-11-01 17:03:41	1	0	1	0
       13	2016-11-02 07:05:50	1	0	1	0
       13	2016-11-02 17:42:36	1	0	1	0
       14	2016-11-01 08:29:08	1	0	1	0
       14	2016-11-01 17:01:47	1	0	1	0
       14	2016-11-02 07:54:11	1	0	1	0
       14	2016-11-02 17:57:13	1	0	1	0
       15	2016-11-01 06:03:21	1	0	1	0
       15	2016-11-01 17:03:31	1	0	1	0
       15	2016-11-02 06:45:24	1	0	1	0
       15	2016-11-02 17:52:20	1	0	1	0
       16	2016-11-01 06:54:42	1	0	1	0
       16	2016-11-01 17:58:03	1	0	1	0
       16	2016-11-02 07:00:24	1	0	1	0
       16	2016-11-02 17:00:36	1	0	1	0
       17	2016-11-01 07:02:57	1	0	1	0
       17	2016-11-01 17:04:33	1	0	1	0
       17	2016-11-02 07:05:00	1	0	1	0
       17	2016-11-02 17:08:55	1	0	1	0
       18	2016-11-01 07:29:33	1	0	1	0
       18	2016-11-01 17:31:16	1	0	1	0
       18	2016-11-02 07:39:51	1	0	1	0
       18	2016-11-02 17:58:02	1	0	1	0
       19	2016-11-01 07:04:39	1	0	1	0
       19	2016-11-01 17:58:48	1	0	1	0
       19	2016-11-02 07:04:35	1	0	1	0
       19	2016-11-02 17:04:49	1	0	1	0
       20	2016-11-01 07:11:20	1	0	1	0
       20	2016-11-01 17:13:06	1	0	1	0
       20	2016-11-02 07:15:22	1	0	1	0
       20	2016-11-02 17:30:38	1	0	1	0
       1	2016-11-03 07:00:28	1	0	1	0
       1	2016-11-03 17:00:59	1	0	1	0
       1	2016-11-04 07:02:12	1	0	1	0
       1	2016-11-04 17:02:38	1	0	1	0
       2	2016-11-03 07:03:34	1	0	1	0
       2	2016-11-03 17:06:47	1	0	1	0
       2	2016-11-04 07:23:59	1	0	1	0
       2	2016-11-04 16:24:19	1	0	1	0
       3	2016-11-03 07:25:16	1	0	1	0
       3	2016-11-03 18:36:12	1	0	1	0
       3	2016-11-04 08:34:55	1	0	1	0
       3	2016-11-04 17:52:27	1	0	1	0
       4	2016-11-03 08:56:03	1	0	1	0
       4	2016-11-03 18:33:07	1	0	1	0
       4	2016-11-04 07:39:11	1	0	1	0
       4	2016-11-04 18:48:16	1	0	1	0
       5	2016-11-03 11:55:47	1	0	1	0
       5	2016-11-03 19:56:39	1	0	1	0
       5	2016-11-04 08:12:57	1	0	1	0
       5	2016-11-04 13:17:38	1	0	1	0
       6	2016-11-03 06:30:16	1	0	1	0
       6	2016-11-03 17:32:25	1	0	1	0
       6	2016-11-04 07:45:20	1	0	1	0
       6	2016-11-04 18:07:50	1	0	1	0
       7	2016-11-03 07:26:11	1	0	1	0
       7	2016-11-03 13:28:34	1	0	1	0
       7	2016-11-04 07:29:49	1	0	1	0
       7	2016-11-04 17:30:55	1	0	1	0
       8	2016-11-03 07:41:19	1	0	1	0
       8	2016-11-03 14:02:26	1	0	1	0
       8	2016-11-04 07:02:43	1	0	1	0
       8	2016-11-04 18:01:31	1	0	1	0
       9	2016-11-03 07:34:28	1	0	1	0
       9	2016-11-03 15:02:47	1	0	1	0
       9	2016-11-04 06:28:28	1	0	1	0
       9	2016-11-04 16:29:10	1	0	1	0
       10	2016-11-03 07:30:44	1	0	1	0
       10	2016-11-03 16:53:01	1	0	1	0
       10	2016-11-04 06:53:42	1	0	1	0
       10	2016-11-04 17:52:47	1	0	1	0
       11	2016-11-03 07:57:40	1	0	1	0
       11	2016-11-03 17:58:01	1	0	1	0
       11	2016-11-04 07:59:11	1	0	1	0
       11	2016-11-04 17:59:13	1	0	1	0
       12	2016-11-03 06:59:57	1	0	1	0
       12	2016-11-03 17:00:57	1	0	1	0
       12	2016-11-04 07:01:06	1	0	1	0
       12	2016-11-04 17:01:33	1	0	1	0
       13	2016-11-03 07:02:56	1	0	1	0
       13	2016-11-03 17:03:41	1	0	1	0
       13	2016-11-04 07:05:50	1	0	1	0
       13	2016-11-04 17:42:36	1	0	1	0
       14	2016-11-03 08:29:08	1	0	1	0
       14	2016-11-03 17:01:47	1	0	1	0
       14	2016-11-04 07:54:11	1	0	1	0
       14	2016-11-04 17:57:13	1	0	1	0
       15	2016-11-03 06:03:21	1	0	1	0
       15	2016-11-03 17:03:31	1	0	1	0
       15	2016-11-04 06:45:24	1	0	1	0
       15	2016-11-04 17:52:20	1	0	1	0
       16	2016-11-03 06:54:42	1	0	1	0
       16	2016-11-03 17:58:03	1	0	1	0
       16	2016-11-04 07:00:24	1	0	1	0
       16	2016-11-04 17:00:36	1	0	1	0
       17	2016-11-03 07:02:57	1	0	1	0
       17	2016-11-03 17:04:33	1	0	1	0
       17	2016-11-04 07:05:00	1	0	1	0
       17	2016-11-04 17:08:55	1	0	1	0
       18	2016-11-03 07:29:33	1	0	1	0
       18	2016-11-03 17:31:16	1	0	1	0
       18	2016-11-04 07:39:51	1	0	1	0
       18	2016-11-04 17:58:02	1	0	1	0
       19	2016-11-03 07:04:39	1	0	1	0
       19	2016-11-03 17:58:48	1	0	1	0
       19	2016-11-04 07:04:35	1	0	1	0
       19	2016-11-04 17:04:49	1	0	1	0
       20	2016-11-03 07:11:20	1	0	1	0
       20	2016-11-03 17:13:06	1	0	1	0
       20	2016-11-04 07:15:22	1	0	1	0
       20	2016-11-04 17:30:38	1	0	1	0
       1	2016-11-05 07:00:28	1	0	1	0
       1	2016-11-05 17:00:59	1	0	1	0
       1	2016-11-06 07:02:12	1	0	1	0
       1	2016-11-06 17:02:38	1	0	1	0
       2	2016-11-05 07:03:34	1	0	1	0
       2	2016-11-05 17:06:47	1	0	1	0
       2	2016-11-06 07:23:59	1	0	1	0
       2	2016-11-06 16:24:19	1	0	1	0
       3	2016-11-05 07:25:16	1	0	1	0
       3	2016-11-05 18:36:12	1	0	1	0
       3	2016-11-06 08:34:55	1	0	1	0
       3	2016-11-06 17:52:27	1	0	1	0
       4	2016-11-05 08:56:03	1	0	1	0
       4	2016-11-05 18:33:07	1	0	1	0
       4	2016-11-06 07:39:11	1	0	1	0
       4	2016-11-06 18:48:16	1	0	1	0
       5	2016-11-05 11:55:47	1	0	1	0
       5	2016-11-05 19:56:39	1	0	1	0
       5	2016-11-06 08:12:57	1	0	1	0
       5	2016-11-06 13:17:38	1	0	1	0
       6	2016-11-05 06:30:16	1	0	1	0
       6	2016-11-05 17:32:25	1	0	1	0
       6	2016-11-06 07:45:20	1	0	1	0
       6	2016-11-06 18:07:50	1	0	1	0
       7	2016-11-05 07:26:11	1	0	1	0
       7	2016-11-05 13:28:34	1	0	1	0
       7	2016-11-06 07:29:49	1	0	1	0
       7	2016-11-06 17:30:55	1	0	1	0
       8	2016-11-05 07:41:19	1	0	1	0
       8	2016-11-05 14:02:26	1	0	1	0
       8	2016-11-06 07:02:43	1	0	1	0
       8	2016-11-06 18:01:31	1	0	1	0
       9	2016-11-05 07:34:28	1	0	1	0
       9	2016-11-05 15:02:47	1	0	1	0
       9	2016-11-06 06:28:28	1	0	1	0
       9	2016-11-06 16:29:10	1	0	1	0
       10	2016-11-05 07:30:44	1	0	1	0
       10	2016-11-05 16:53:01	1	0	1	0
       10	2016-11-06 06:53:42	1	0	1	0
       10	2016-11-06 17:52:47	1	0	1	0
       11	2016-11-05 07:57:40	1	0	1	0
       11	2016-11-05 17:58:01	1	0	1	0
       11	2016-11-06 07:59:11	1	0	1	0
       11	2016-11-06 17:59:13	1	0	1	0
       12	2016-11-05 06:59:57	1	0	1	0
       12	2016-11-05 17:00:57	1	0	1	0
       12	2016-11-06 07:01:06	1	0	1	0
       12	2016-11-06 17:01:33	1	0	1	0
       13	2016-11-05 07:02:56	1	0	1	0
       13	2016-11-05 17:03:41	1	0	1	0
       13	2016-11-06 07:05:50	1	0	1	0
       13	2016-11-06 17:42:36	1	0	1	0
       14	2016-11-05 08:29:08	1	0	1	0
       14	2016-11-05 17:01:47	1	0	1	0
       14	2016-11-06 07:54:11	1	0	1	0
       14	2016-11-06 17:57:13	1	0	1	0
       15	2016-11-05 06:03:21	1	0	1	0
       15	2016-11-05 17:03:31	1	0	1	0
       15	2016-11-06 06:45:24	1	0	1	0
       15	2016-11-06 17:52:20	1	0	1	0
       16	2016-11-05 06:54:42	1	0	1	0
       16	2016-11-05 17:58:03	1	0	1	0
       16	2016-11-06 07:00:24	1	0	1	0
       16	2016-11-06 17:00:36	1	0	1	0
       17	2016-11-05 07:02:57	1	0	1	0
       17	2016-11-05 17:04:33	1	0	1	0
       17	2016-11-06 07:05:00	1	0	1	0
       17	2016-11-06 17:08:55	1	0	1	0
       18	2016-11-05 07:29:33	1	0	1	0
       18	2016-11-05 17:31:16	1	0	1	0
       18	2016-11-06 07:39:51	1	0	1	0
       18	2016-11-06 17:58:02	1	0	1	0
       19	2016-11-05 07:04:39	1	0	1	0
       19	2016-11-05 17:58:48	1	0	1	0
       19	2016-11-06 07:04:35	1	0	1	0
       19	2016-11-06 17:04:49	1	0	1	0
       20	2016-11-05 07:11:20	1	0	1	0
       20	2016-11-05 17:13:06	1	0	1	0
       20	2016-11-06 07:15:22	1	0	1	0
       20	2016-11-06 17:30:38	1	0	1	0